<?xml version="1.0"?>
<opencv_storage>
<calibration_Time>"Wed 25 Nov 2015 02:55:03 AM EST"</calibration_Time>
<nrOfFrames>29</nrOfFrames>
<image_Width>640</image_Width>
<image_Height>480</image_Height>
<board_Width>8</board_Width>
<board_Height>6</board_Height>
<square_Size>30.</square_Size>
<FixAspectRatio>1.</FixAspectRatio>
<!-- flags:  +fix_aspectRatio +fix_principal_point +zero_tangent_dist -->
<flagValue>14</flagValue>
<Camera_Matrix type_id="opencv-matrix">
  <rows>3</rows>
  <cols>3</cols>
  <dt>d</dt>
  <data>
    5.4582463365389708e+02 0. 3.1950000000000000e+02 0.
    5.4582463365389708e+02 2.3950000000000000e+02 0. 0. 1.</data></Camera_Matrix>
<Distortion_Coefficients type_id="opencv-matrix">
  <rows>5</rows>
  <cols>1</cols>
  <dt>d</dt>
  <data>
    -1.7081096154528716e-01 2.6412699622915992e-01 0. 0.
    -8.0381316677811496e-02</data></Distortion_Coefficients>
<Avg_Reprojection_Error>3.4928082069827407e-02</Avg_Reprojection_Error>
<Per_View_Reprojection_Errors type_id="opencv-matrix">
  <rows>29</rows>
  <cols>1</cols>
  <dt>f</dt>
  <data>
    2.08601683e-01 2.24149808e-01 2.37007305e-01 1.57510996e-01
    1.67824209e-01 1.68799415e-01 1.44649744e-01 1.72886893e-01
    2.00081408e-01 1.46564350e-01 2.96291798e-01 2.50967294e-01
    2.93633938e-01 2.20741361e-01 3.35946381e-01 1.53372213e-01
    1.58464372e-01 1.84137598e-01 1.79452643e-01 1.09515518e-01
    1.16308965e-01 1.16053730e-01 1.75435528e-01 1.23047724e-01
    1.25380784e-01 1.20522797e-01 1.17125295e-01 1.31257549e-01
    9.88075882e-02</data></Per_View_Reprojection_Errors>
<!-- a set of 6-tuples (rotation vector + translation vector) for each view -->
<Extrinsic_Parameters type_id="opencv-matrix">
  <rows>29</rows>
  <cols>6</cols>
  <dt>d</dt>
  <data>
    1.5007209732672428e-02 -3.2283002330885401e-02
    2.6278678880729833e-02 -1.0874321334452382e+02
    -7.4195429993281010e+01 4.3700648633637252e+02
    -1.3242362905120670e-03 -6.8009239981299624e-02
    1.5493680846573714e+00 7.5523283027190274e+01
    -1.1254723646711403e+02 4.8625310804522672e+02
    3.7251417458440739e-02 4.3939372484420184e-03
    -9.5285304881724664e-01 -1.3750971266402163e+02
    2.2738602815296016e+01 5.1191473869778889e+02 3.0983161234741296e-03
    2.0432645276381809e-02 9.4348294895642637e-01
    -2.2507498522201058e+01 -1.5940144983221452e+02
    5.0208936086450376e+02 -2.9730397956659643e-01
    -2.7073563076795698e-01 -1.5019716092348823e+00
    -1.4923410172211609e+02 8.3590135466507760e+01
    5.1392006004759014e+02 3.5032100908230435e-01
    -2.9659366756366623e-01 1.4696522922815116e+00
    1.1234382782882452e+01 -1.6654402092759778e+02
    5.2591658581176387e+02 2.3270026757990822e-01
    -5.5385714257463103e-01 -7.7262937450014030e-02
    -7.2366306679131995e+01 -1.6206070883796457e+02
    6.1175219982014107e+02 2.0602796183262762e-01 5.4911789474302930e-01
    7.3952804945709813e-02 -1.2069935346542368e+02
    -1.6575672826074035e+02 6.5088591322198670e+02
    5.2630916961720875e-01 3.9069199235345263e-02 1.8160922722943010e-02
    -9.9441681396237101e+01 -9.8275989430907003e+01
    5.6315657111166229e+02 -2.0154609971269286e-01
    -1.1945108679144499e-01 -2.4947483782271525e-02
    -1.0622595459332327e+02 -1.4766163363419525e+02
    7.1077808577962503e+02 -3.4525866476275213e-01
    -7.0203252124685234e-01 1.3468790495743341e+00
    4.8332783096499433e+01 -1.5995602403394219e+02
    5.2955508018491241e+02 -3.2370227151360786e-01
    6.9224938394878277e-01 -1.3822351856627046e+00
    -8.4711528057112474e+01 3.9066795878666902e+01
    6.1836407024062726e+02 6.2725465156158156e-01 2.6136331354354664e-01
    -9.5657535134597671e-01 -8.4843881074610493e+01
    -2.1143194495931731e+01 5.8800371294407103e+02
    -4.2346267016276129e-01 -1.7391310414374403e-01
    -1.0751724631141757e+00 -1.1319137710383116e+02
    -1.9826819122806484e+01 6.1685454101290884e+02
    6.3611422388698852e-02 4.7781785701103502e-01
    -8.2163271398339721e-01 -3.8766505280205990e+01
    -4.9569685498505379e+01 6.7124728377850784e+02
    5.2089591117674616e-01 -3.2890063972803263e-01
    8.9450723389180808e-01 -1.2614662727699576e+01
    -2.1175104141907488e+02 5.9324996690126090e+02
    -3.9360287520293202e-01 2.6306147292893722e-01
    8.1198432309568469e-01 -9.2301147209846334e+01
    -1.6488027248389781e+02 7.3384283928143486e+02
    -1.4134217118718317e-01 -8.5951656955483768e-01
    6.9779165401837084e-01 -7.7631340474363398e+01
    -2.0179930391708649e+02 5.7030578453034184e+02
    3.1475790277528365e-01 6.0303707449830246e-01 9.7072369684800930e-01
    4.0179100784853979e+01 -2.1358508715415704e+02
    6.1233259334251727e+02 1.0716717186123503e-01 3.7570237919168283e-02
    -9.5779685079628082e-03 -6.7606276520314367e+01
    -1.2392709084354811e+02 9.4235645111869781e+02
    2.0943524142982706e-01 -2.9523765460751174e-02
    3.8264756370508757e-01 -7.1048141185036087e+01
    -1.2335439897814369e+02 9.3279607316753572e+02
    8.9737328594236651e-02 1.9389874261464678e-02 5.6174481438654988e-01
    -4.7586436326973576e+01 -1.2227376239341935e+02
    9.5142812189590620e+02 8.0670165748858755e-02 5.9420486425546190e-02
    8.2088034193861681e-01 -2.5576760854653163e+01
    -1.2084516998716826e+02 9.3695892115323227e+02
    -6.8998450479520940e-02 3.1396474512054365e-02
    1.0126481727815284e+00 -3.3078811650196769e+01
    -1.4160106993115517e+02 9.2435342376514461e+02
    -1.4570810589295538e-01 -7.4705405818666637e-02
    1.3393224698332178e+00 -7.1574404073730582e+00
    -1.2475649417446368e+02 9.3114024398823915e+02
    1.1289181610353580e-01 -2.2007041051886217e-01
    -1.3932203792178568e+00 -1.6075767319609574e+02
    9.4570926049955546e+01 8.9480361221244266e+02 1.1070937311340288e-01
    -1.9280890999553971e-01 -1.0690887467719545e+00
    -1.9390542140486247e+02 6.2898630375423700e+01
    8.8651407448033535e+02 6.0815210074509858e-02
    -9.8377459367115783e-02 -7.0544206400629750e-01
    -1.6414101945221074e+02 4.4508163047905967e+01
    8.7247718761538272e+02 1.1112103758164607e-02
    -1.9406986932459722e-01 -3.3404995990510639e-01
    -1.9473426642549344e+02 2.3075010624731007e+01
    8.7797526656218906e+02</data></Extrinsic_Parameters>
