%YAML:1.0
handicap_sign0: !!opencv-matrix
   rows: 1
   cols: 200
   dt: f
   data: [ 1.01010101e-02, 0., 1.01010101e-02, 0., 0., 0., 0., 0., 0.,
       0., 1.01010101e-02, 0., 1.01010101e-02, 0., 2.02020202e-02,
       1.01010101e-02, 1.01010101e-02, 0., 0., 0., 0., 1.01010101e-02,
       0., 0., 3.03030312e-02, 1.01010101e-02, 1.01010101e-02,
       2.02020202e-02, 1.01010101e-02, 1.01010101e-02, 0., 0., 0.,
       1.01010101e-02, 0., 0., 0., 0., 0., 0., 0., 0., 3.03030312e-02,
       0., 1.01010101e-02, 0., 1.01010101e-02, 0., 1.01010101e-02, 0.,
       0., 0., 0., 2.02020202e-02, 1.01010101e-02, 1.01010101e-02, 0.,
       2.02020202e-02, 0., 0., 1.01010101e-02, 0., 1.01010101e-02, 0.,
       1.01010101e-02, 5.05050495e-02, 0., 0., 0., 0., 2.02020202e-02,
       1.01010101e-02, 0., 3.03030312e-02, 1.01010101e-02, 0., 0., 0.,
       2.02020202e-02, 0., 1.01010101e-02, 0., 0., 1.01010101e-02,
       1.01010101e-02, 0., 1.01010101e-02, 1.01010101e-02, 0.,
       1.01010101e-02, 0., 1.01010101e-02, 0., 1.01010101e-02, 0., 0.,
       1.01010101e-02, 1.01010101e-02, 0., 0., 0., 0., 1.01010101e-02,
       0., 0., 0., 0., 0., 2.02020202e-02, 0., 1.01010101e-02, 0., 0.,
       0., 0., 1.01010101e-02, 0., 1.01010101e-02, 1.01010101e-02, 0.,
       0., 0., 1.01010101e-02, 0., 3.03030312e-02, 1.01010101e-02, 0.,
       0., 0., 1.01010101e-02, 0., 0., 1.01010101e-02, 0., 0.,
       1.01010101e-02, 0., 2.02020202e-02, 1.01010101e-02, 0., 0.,
       1.01010101e-02, 2.02020202e-02, 1.01010101e-02, 1.01010101e-02,
       0., 1.01010101e-02, 0., 0., 0., 0., 0., 0., 1.01010101e-02,
       1.01010101e-02, 0., 0., 1.01010101e-02, 1.01010101e-02, 0., 0.,
       0., 0., 0., 1.01010101e-02, 0., 0., 0., 0., 1.01010101e-02, 0.,
       1.01010101e-02, 0., 0., 1.01010101e-02, 2.02020202e-02, 0., 0.,
       1.01010101e-02, 0., 0., 0., 0., 1.01010101e-02, 0., 0.,
       1.01010101e-02, 1.01010101e-02, 0., 0., 0., 0., 0., 0., 0., 0.,
       0., 2.02020202e-02, 1.01010101e-02, 0. ]
handicap_sign1: !!opencv-matrix
   rows: 1
   cols: 200
   dt: f
   data: [ 6.49350649e-03, 0., 2.59740259e-02, 6.49350649e-03, 0., 0.,
       2.59740259e-02, 0., 0., 6.49350649e-03, 6.49350649e-03, 0.,
       6.49350649e-03, 0., 6.49350649e-03, 6.49350649e-03,
       1.29870130e-02, 6.49350649e-03, 0., 6.49350649e-03, 0., 0., 0.,
       0., 1.29870130e-02, 6.49350649e-03, 0., 6.49350649e-03, 0.,
       6.49350649e-03, 0., 0., 0., 6.49350649e-03, 0., 0.,
       6.49350649e-03, 1.29870130e-02, 0., 6.49350649e-03,
       1.29870130e-02, 0., 1.94805190e-02, 0., 6.49350649e-03,
       6.49350649e-03, 1.29870130e-02, 0., 6.49350649e-03, 0.,
       6.49350649e-03, 0., 0., 6.49350649e-03, 6.49350649e-03,
       6.49350649e-03, 0., 6.49350649e-03, 6.49350649e-03, 0.,
       6.49350649e-03, 0., 1.29870130e-02, 1.94805190e-02,
       6.49350649e-03, 6.49350649e-03, 0., 0., 0., 0., 6.49350649e-03,
       6.49350649e-03, 0., 1.94805190e-02, 6.49350649e-03,
       6.49350649e-03, 6.49350649e-03, 0., 6.49350649e-03,
       6.49350649e-03, 6.49350649e-03, 6.49350649e-03, 1.29870130e-02,
       1.29870130e-02, 0., 6.49350649e-03, 1.94805190e-02,
       6.49350649e-03, 6.49350649e-03, 0., 2.59740259e-02,
       6.49350649e-03, 6.49350649e-03, 1.94805190e-02, 0., 0.,
       6.49350649e-03, 0., 0., 6.49350649e-03, 6.49350649e-03, 0.,
       6.49350649e-03, 6.49350649e-03, 6.49350649e-03, 0., 0., 0.,
       1.29870130e-02, 0., 0., 0., 0., 6.49350649e-03, 1.29870130e-02,
       0., 1.29870130e-02, 6.49350649e-03, 6.49350649e-03,
       6.49350649e-03, 0., 6.49350649e-03, 0., 1.94805190e-02,
       6.49350649e-03, 0., 6.49350649e-03, 0., 6.49350649e-03, 0., 0.,
       1.94805190e-02, 0., 0., 0., 0., 0., 1.29870130e-02,
       6.49350649e-03, 6.49350649e-03, 0., 2.59740259e-02,
       6.49350649e-03, 0., 1.94805190e-02, 0., 0., 6.49350649e-03, 0.,
       0., 0., 6.49350649e-03, 1.29870130e-02, 0., 6.49350649e-03, 0.,
       0., 0., 0., 0., 0., 0., 0., 1.29870130e-02, 1.29870130e-02,
       6.49350649e-03, 0., 0., 6.49350649e-03, 6.49350649e-03,
       6.49350649e-03, 0., 1.29870130e-02, 0., 6.49350649e-03, 0., 0.,
       0., 6.49350649e-03, 0., 1.29870130e-02, 6.49350649e-03, 0.,
       2.59740259e-02, 0., 0., 6.49350649e-03, 6.49350649e-03, 0., 0.,
       0., 0., 1.29870130e-02, 6.49350649e-03, 0., 0., 0.,
       6.49350649e-03, 0., 1.29870130e-02 ]
handicap_sign2: !!opencv-matrix
   rows: 1
   cols: 200
   dt: f
   data: [ 1.03092780e-02, 4.12371121e-02, 3.09278332e-02, 0., 0.,
       1.03092780e-02, 0., 0., 5.15463911e-02, 1.03092780e-02,
       1.03092780e-02, 0., 0., 0., 1.03092780e-02, 1.03092780e-02, 0.,
       0., 0., 0., 0., 1.03092780e-02, 0., 1.03092780e-02, 0., 0.,
       3.09278332e-02, 0., 0., 1.03092780e-02, 0., 0., 0., 0.,
       1.03092780e-02, 0., 0., 0., 0., 0., 0., 0., 4.12371121e-02, 0.,
       2.06185561e-02, 0., 1.03092780e-02, 1.03092780e-02,
       1.03092780e-02, 1.03092780e-02, 0., 0., 2.06185561e-02,
       2.06185561e-02, 0., 0., 0., 0., 0., 0., 1.03092780e-02,
       2.06185561e-02, 0., 0., 0., 1.03092780e-02, 1.03092780e-02,
       1.03092780e-02, 1.03092780e-02, 0., 1.03092780e-02,
       5.15463911e-02, 0., 1.03092780e-02, 1.03092780e-02, 0., 0., 0.,
       1.03092780e-02, 1.03092780e-02, 1.03092780e-02, 1.03092780e-02,
       0., 2.06185561e-02, 0., 0., 1.03092780e-02, 0., 0.,
       1.03092780e-02, 0., 1.03092780e-02, 1.03092780e-02, 0.,
       1.03092780e-02, 0., 1.03092780e-02, 0., 0., 0., 0., 0.,
       1.03092780e-02, 0., 1.03092780e-02, 0., 1.03092780e-02,
       2.06185561e-02, 0., 0., 1.03092780e-02, 0., 0., 1.03092780e-02,
       0., 1.03092780e-02, 0., 0., 1.03092780e-02, 1.03092780e-02, 0.,
       0., 1.03092780e-02, 1.03092780e-02, 2.06185561e-02, 0., 0., 0.,
       0., 1.03092780e-02, 1.03092780e-02, 0., 1.03092780e-02, 0., 0.,
       0., 1.03092780e-02, 0., 0., 0., 0., 0., 0., 0., 0., 0., 0., 0.,
       0., 0., 0., 0., 0., 0., 1.03092780e-02, 0., 0., 0.,
       1.03092780e-02, 0., 0., 0., 0., 1.03092780e-02, 0., 0., 0., 0.,
       0., 1.03092780e-02, 0., 0., 0., 0., 0., 1.03092780e-02, 0., 0.,
       0., 1.03092780e-02, 0., 1.03092780e-02, 0., 1.03092780e-02, 0.,
       0., 0., 0., 0., 0., 1.03092780e-02, 3.09278332e-02, 0.,
       1.03092780e-02, 0., 0., 0., 0., 0., 0. ]
